0 0.075 0.4551422319474836 0.0625 0.19912472647702406
0 0.259375 0.4420131291028446 0.028125 0.13566739606126915
0 0.3609375 0.4923413566739606 0.04375 0.23194748358862144
0 0.303125 0.45076586433260396 0.0484375 0.15973741794310722
0 0.5515625 0.47921225382932164 0.05 0.2188183807439825
0 0.609375 0.45295404814004375 0.028125 0.15973741794310722
0 0.6859375 0.45951859956236324 0.0296875 0.1925601750547046
0 0.7375 0.4573304157549234 0.034375 0.18599562363238512
0 0.828125 0.6673960612691466 0.140625 0.6520787746170679
0 0.4859375 0.43544857768052514 0.034375 0.13566739606126915
0 0.515625 0.42669584245076586 0.0328125 0.14660831509846828