0 0.1328125 0.5864485981308412 0.1 0.6588785046728972
0 0.2484375 0.6869158878504673 0.090625 0.5093457943925234
0 0.346875 0.7102803738317757 0.0984375 0.46261682242990654
0 0.4453125 0.7079439252336449 0.1046875 0.4719626168224299
0 0.2515625 0.39485981308411217 0.090625 0.2383177570093458
0 0.340625 0.42757009345794394 0.1109375 0.205607476635514
0 0.4375 0.4135514018691589 0.096875 0.23130841121495327
0 0.53125 0.40420560747663553 0.10625 0.21728971962616822
0 0.6453125 0.4135514018691589 0.0921875 0.2383177570093458
0 0.7359375 0.43457943925233644 0.1265625 0.2383177570093458
0 0.55 0.7126168224299065 0.109375 0.47897196261682246
0 0.653125 0.7126168224299065 0.103125 0.4766355140186916
0 0.7609375 0.7313084112149533 0.1359375 0.4392523364485981