0 0.1140625 0.5979166666666667 0.11875 0.49583333333333335
0 0.246875 0.55 0.0890625 0.5
0 0.3578125 0.5270833333333333 0.1109375 0.6020833333333333
0 0.390625 0.6208333333333333 0.090625 0.5083333333333333
0 0.5796875 0.6479166666666667 0.0953125 0.6645833333333333
0 0.72421875 0.7197916666666667 0.1296875 0.5604166666666667
0 0.9015625 0.7020833333333333 0.19375 0.5895833333333333
0 0.6921875 0.6541666666666667 0.1109375 0.6395833333333333
0 0.721875 0.41458333333333336 0.096875 0.35208333333333336
0 0.665625 0.3 0.0484375 0.14166666666666666
0 0.48125 0.5270833333333333 0.096875 0.6520833333333333