0 0.8875 0.5069767441860465 0.16875 0.8930232558139535
0 0.871875 0.6116279069767442 0.2109375 0.7023255813953488
0 0.7109375 0.5116279069767442 0.159375 0.8558139534883721
0 0.6953125 0.5906976744186047 0.1953125 0.6906976744186046
0 0.534375 0.6069767441860465 0.14375 0.6767441860465117
0 0.55625 0.3581395348837209 0.1390625 0.5209302325581395
0 0.3921875 0.6023255813953489 0.1734375 0.6395348837209303
0 0.4125 0.33488372093023255 0.1390625 0.4604651162790698
0 0.240625 0.5883720930232558 0.1609375 0.6395348837209303
0 0.1015625 0.5883720930232558 0.146875 0.6558139534883721
0 0.271875 0.3395348837209302 0.1328125 0.4720930232558139