0 0.275 0.6643192488262911 0.2390625 0.6056338028169014
0 0.784375 0.596244131455399 0.1625 0.4624413145539906
0 0.9046875 0.5328638497652582 0.1421875 0.3755868544600939
0 0.61875 0.3826291079812207 0.1296875 0.20892018779342722
0 0.7296875 0.3755868544600939 0.1 0.15258215962441316
0 0.48125 0.3779342723004695 0.1328125 0.19953051643192488
0 0.353125 0.3544600938967136 0.1125 0.19014084507042253
0 0.171875 0.4624413145539906 0.1421875 0.3873239436619718
0 0.8 0.27699530516431925 0.05 0.1572769953051643
0 0.86875 0.2535211267605634 0.084375 0.18779342723004694
0 0.6640625 0.3286384976525822 0.0609375 0.14788732394366197
0 0.55625 0.3333333333333333 0.0734375 0.19248826291079812