0 0.16322701688555347 0.48125 0.16885553470919323 0.5958333333333333
0 0.5984990619136961 0.7583333333333333 0.3921200750469043 0.4479166666666667
0 0.7636022514071295 0.5166666666666667 0.2045028142589118 0.4979166666666667
0 0.8086303939962477 0.4666666666666667 0.15947467166979362 0.6166666666666667
0 0.6191369606003753 0.4583333333333333 0.12570356472795496 0.35
0 0.39399624765478425 0.5541666666666667 0.11819887429643527 0.5145833333333333
0 0.50093808630394 0.49166666666666664 0.10318949343339587 0.34375
0 0.2926829268292683 0.475 0.11632270168855535 0.5875
0 0.37523452157598497 0.25833333333333336 0.11632270168855535 0.20416666666666666
0 0.4202626641651032 0.2916666666666667 0.10881801125703565 0.13541666666666666
0 0.4821763602251407 0.23541666666666666 0.11632270168855535 0.18958333333333333
0 0.6810506566604128 0.25 0.10881801125703565 0.20833333333333334
0 0.5853658536585366 0.25833333333333336 0.11632270168855535 0.22916666666666666